@∫dx Ecuacion de calor.
 0.000000 94.559789
 0.025641 99.046948
 0.051282 96.780009
 0.076923 95.667209
 0.102564 95.235956
 0.128205 95.072939
 0.153846 95.019115
 0.179487 95.004275
 0.205128 95.000830
 0.230769 95.000142
 0.256410 95.000022
 0.282051 95.000003
 0.307692 95.000000
 0.333333 95.000000
 0.358974 95.000000
 0.384615 95.000000
 0.410256 95.000000
 0.435897 95.000000
 0.461538 95.000000
 0.487179 95.000000
 0.512821 95.000000
 0.538462 95.000000
 0.564103 95.000000
 0.589744 95.000000
 0.615385 95.000000
 0.641026 95.000000
 0.666667 95.000000
 0.692308 94.999999
 0.717949 94.999994
 0.743590 94.999958
 0.769231 94.999723
 0.794872 94.998339
 0.820513 94.991046
 0.846154 94.957049
 0.871795 94.818861
 0.897436 94.338013
 0.923077 92.938252
 0.948718 89.628089
 0.974359 83.500371
 1.000000 75.000000
