@∫dx Ecuacion de calor.
 0.379747 95.000000
 0.392405 95.000000
 0.405063 95.000000
 0.417722 95.000000
 0.430380 95.000000
 0.443038 95.000000
 0.455696 95.000000
 0.468354 95.000000
 0.481013 95.000000
 0.493671 95.000000
 0.506329 95.000000
 0.518987 95.000000
 0.531646 95.000000
 0.544304 95.000000
 0.556962 95.000000
 0.569620 95.000000
 0.582278 95.000000
 0.594937 95.000000
 0.607595 95.000000
 0.620253 95.000000
 0.632911 95.000000
 0.645570 95.000000
 0.658228 95.000000
 0.670886 95.000000
 0.683544 95.000000
 0.696203 95.000000
 0.708861 95.000000
 0.721519 95.000000
 0.734177 95.000000
 0.746835 95.000000
 0.000000 94.559789
 0.012658 99.046948
 0.025316 96.780009
 0.037975 95.667209
 0.050633 95.235956
 0.063291 95.072939
 0.075949 95.019115
 0.088608 95.004275
 0.101266 95.000830
 0.113924 95.000142
 0.126582 95.000022
 0.139241 95.000003
 0.151899 95.000000
 0.164557 95.000000
 0.177215 95.000000
 0.189873 95.000000
 0.202532 95.000000
 0.215190 95.000000
 0.227848 95.000000
 0.240506 95.000000
 0.253165 95.000000
 0.265823 95.000000
 0.278481 95.000000
 0.291139 95.000000
 0.303797 95.000000
 0.316456 95.000000
 0.329114 95.000000
 0.341772 95.000000
 0.354430 95.000000
 0.367089 95.000000
 0.759494 95.000000
 0.772152 95.000000
 0.784810 95.000000
 0.797468 95.000000
 0.810127 95.000000
 0.822785 95.000000
 0.835443 95.000000
 0.848101 94.999999
 0.860759 94.999994
 0.873418 94.999958
 0.886076 94.999723
 0.898734 94.998339
 0.911392 94.991046
 0.924051 94.957049
 0.936709 94.818861
 0.949367 94.338013
 0.962025 92.938252
 0.974684 89.628089
 0.987342 83.500371
 1.000000 75.000000
